$ANSIBLE_VAULT;1.1;AES256
65373037376235616131333630633738356539616465383633636530646234346630396233346336
3861663461353334623239353238643661383434643939330a363337306662323437633439393338
33323462396162303335303061376535656366663038613762376163643237313634313861383333
3534336633353364630a653733313965303939663162646365396263313933346238346165353366
33343939616662343661376334333763346632373731643839333662313032393433313863363937
38396635313331373564366231323030346466616132653332313966386463616564393664333236
64316337316437393533613039653763353561653437643933616663363662323664366432643361
38393766333532353362373561643866646130363035633636316135313435303434346237353765
36316530633836366465653038613035316462396362303835653632303937643231646632376631
30396336303636643234396232303538373935336662613737313062653431336362336538623835
65373166633233633034633162656139366431316665323664656366316566626138636663323432
61633030376664616662376632623530613062393935613038323837666635376231613231663262
31366336383861666632663032323936366265333432666635333136346437636266376366393261
66323930626634623937393461623430623662666630303666316533653962303333393038393565
37646139313035393836656333653939356261353164313764303764396636616136313065643636
62623135623661656336303539656330646334666165336139626364386664343630366331313932
34373031613934666635663362633535343733383266373061383064633534333237343130366434
38656135626366306261376431353230303566616163323265383733343864393062323063653163
64383333306231336161316563353261636465313766633739303830353336303361623761643438
39643936633862323031326234313335336232393538393166326334373939623236363766653137
66663932323562306635646438653234323432333630316436656136323364336238383765326262
66663265306339373230396430343539386533316664653834613431616433633133336361353136
37346234366632356531343434616133666539663237353531373631346638663439636134336431
63386335386533393635356663346432366439313263626564303734323634346466613739303533
35346462663765313637353934323639336335636462663163306536616666396235393237323436
3363623866623836343365313438643536613363656530613230
